Original Matrix:
1 0 0 0 0 0 0 0 1 0 0 0 0 0 0 0 0 0 0 0 0 0 0 1 1 1 1 0 0 0 0 0 
0 1 0 0 0 0 0 0 0 1 0 0 0 0 0 0 1 0 0 0 0 0 0 1 0 0 0 1 0 0 0 0 
0 0 1 0 0 0 0 0 0 0 1 0 0 0 0 0 0 1 0 0 0 0 0 0 0 0 0 0 1 0 0 0 
0 0 0 1 0 0 0 0 0 0 0 1 0 0 0 0 0 0 1 0 0 0 0 0 1 0 0 0 0 1 0 0 
0 0 0 0 1 0 0 0 0 0 0 0 1 0 0 0 0 0 0 1 0 0 0 0 0 1 0 0 0 0 1 0 
0 0 0 0 0 1 0 0 0 0 0 0 0 1 0 0 0 0 0 0 1 0 0 1 1 1 0 0 0 0 0 1 
0 0 0 0 0 0 1 0 0 0 0 0 0 0 1 0 0 0 0 0 0 1 0 1 1 0 0 0 0 0 0 0 
0 0 0 0 0 0 0 1 0 0 0 0 0 0 0 1 0 0 0 0 0 0 1 0 1 1 0 0 0 0 0 0 
1 1 1 0 0 0 0 0 1 0 0 0 0 0 0 0 1 0 0 0 0 0 0 0 0 0 0 0 0 0 0 1 
0 0 0 1 0 0 0 0 0 1 0 0 0 0 0 0 0 1 0 0 0 0 0 0 1 0 0 0 0 0 0 1 
0 0 0 0 1 0 0 0 0 0 1 0 0 0 0 0 0 0 1 0 0 0 0 0 0 1 0 0 0 0 0 0 
1 0 0 0 0 1 0 0 0 0 0 1 0 0 0 0 0 0 0 1 0 0 0 0 0 0 1 0 0 0 0 0 
0 1 0 0 0 0 1 0 0 0 0 0 1 0 0 0 0 0 0 0 1 0 0 0 0 0 0 1 0 0 0 0 
1 1 0 0 0 0 0 1 0 0 0 0 0 1 0 0 0 0 0 0 0 1 0 0 0 0 0 0 1 0 0 1 
1 0 0 0 0 0 0 0 0 0 0 0 0 0 1 0 0 0 0 0 0 0 1 0 0 0 0 0 0 1 0 1 
1 1 0 0 0 0 0 0 0 0 0 0 0 0 0 1 0 0 0 0 0 0 0 1 0 0 0 0 0 0 1 0 
0 0 0 0 0 0 0 1 1 1 1 0 0 0 0 0 1 0 0 0 0 0 0 0 1 0 0 0 0 0 0 0 
1 0 0 0 0 0 0 1 0 0 0 1 0 0 0 0 0 1 0 0 0 0 0 0 0 1 0 0 0 0 0 0 
0 1 0 0 0 0 0 0 0 0 0 0 1 0 0 0 0 0 1 0 0 0 0 0 0 0 1 0 0 0 0 0 
0 0 1 0 0 0 0 0 1 0 0 0 0 1 0 0 0 0 0 1 0 0 0 0 0 0 0 1 0 0 0 0 
0 0 0 1 0 0 0 0 0 1 0 0 0 0 1 0 0 0 0 0 1 0 0 0 0 0 0 0 1 0 0 0 
0 0 0 0 1 0 0 1 1 1 0 0 0 0 0 1 0 0 0 0 0 1 0 0 0 0 0 0 0 1 0 0 
0 0 0 0 0 1 0 1 1 0 0 0 0 0 0 0 0 0 0 0 0 0 1 0 0 0 0 0 0 0 1 0 
0 0 0 0 0 0 1 0 1 1 0 0 0 0 0 0 0 0 0 0 0 0 0 1 0 0 0 0 0 0 0 1 
1 0 0 0 0 0 0 0 0 0 0 0 0 0 0 1 1 1 1 0 0 0 0 0 1 0 0 0 0 0 0 0 
0 1 0 0 0 0 0 0 1 0 0 0 0 0 0 1 0 0 0 1 0 0 0 0 0 1 0 0 0 0 0 0 
0 0 1 0 0 0 0 0 0 1 0 0 0 0 0 0 0 0 0 0 1 0 0 0 0 0 1 0 0 0 0 0 
0 0 0 1 0 0 0 0 0 0 1 0 0 0 0 0 1 0 0 0 0 1 0 0 0 0 0 1 0 0 0 0 
0 0 0 0 1 0 0 0 0 0 0 1 0 0 0 0 0 1 0 0 0 0 1 0 0 0 0 0 1 0 0 0 
0 0 0 0 0 1 0 0 0 0 0 0 1 0 0 1 1 1 0 0 0 0 0 1 0 0 0 0 0 1 0 0 
0 0 0 0 0 0 1 0 0 0 0 0 0 1 0 1 1 0 0 0 0 0 0 0 0 0 0 0 0 0 1 0 
0 0 0 0 0 0 0 1 0 0 0 0 0 0 1 0 1 1 0 0 0 0 0 0 0 0 0 0 0 0 0 1 
Xor Count = 112
x[32] = x[0] ^ x[1]  
x[33] = x[5] ^ x[8]  
x[34] = x[2] ^ x[8]  
x[35] = x[7] ^ x[8]  
x[36] = x[1] ^ x[9]  
x[37] = x[35] ^ x[9]  
x[38] = x[3] ^ x[10]  
x[39] = x[2] ^ x[10]  
x[40] = x[5] ^ x[11]  
x[41] = x[4] ^ x[11]  
x[42] = x[0] ^ x[11]  
x[43] = x[1] ^ x[12]  
x[44] = x[5] ^ x[12]  
x[45] = x[2] ^ x[13]  
x[46] = x[6] ^ x[13]  
x[47] = x[5] ^ x[13]  
x[48] = x[7] ^ x[13]  
x[49] = x[3] ^ x[14]  
x[50] = x[4] ^ x[15]  
x[51] = x[46] ^ x[16]  
x[52] = x[34] ^ x[16]  
x[53] = x[10] ^ x[16]  
x[54] = x[15] ^ x[16]  
x[55] = x[7] ^ x[17]  
x[56] = x[54] ^ x[17]  
x[57] = x[11] ^ x[18]  
x[58] = x[10] ^ x[18]  
x[59] = x[0] ^ x[18]  
x[60] = x[40] ^ x[19]  
x[61] = x[12] ^ x[19]  
x[62] = x[8] ^ x[19]  
x[63] = x[6] ^ x[20]  
x[64] = x[9] ^ x[20]  
x[65] = x[47] ^ x[20]  
x[66] = x[14] ^ x[21]  
x[67] = x[38] ^ x[21]  
x[68] = x[48] ^ x[21]  
x[69] = x[50] ^ x[21]  
x[70] = x[0] ^ x[22]  
x[71] = x[7] ^ x[22]  
x[72] = x[41] ^ x[22]  
x[73] = x[6] ^ x[23]  
x[74] = x[36] ^ x[23]  
x[75] = x[44] ^ x[23]  
x[76] = x[3] ^ x[24]  
x[77] = x[66] ^ x[24]  
x[78] = x[23] ^ x[24]  
x[79] = x[53] ^ x[24]  
x[80] = x[59] ^ x[24]  
x[81] = x[15] ^ x[25]  
x[82] = x[4] ^ x[25]  
x[83] = x[42] ^ x[25]  
x[84] = x[78] ^ x[25]  
x[85] = x[0] ^ x[26]  
x[86] = x[18] ^ x[26]  
x[87] = x[2] ^ x[26]  
x[88] = x[63] ^ x[27]  
x[89] = x[45] ^ x[27]  
x[90] = x[16] ^ x[27]  
x[91] = x[49] ^ x[28]  
x[92] = x[17] ^ x[28]  
x[93] = x[68] ^ x[28]  
x[94] = x[70] ^ x[29]  
x[95] = x[57] ^ x[29]  
x[96] = x[69] ^ x[29]  
x[97] = x[75] ^ x[29]  
x[98] = x[61] ^ x[30]  
x[99] = x[33] ^ x[30]  
x[100] = x[15] ^ x[30]  
x[101] = x[14] ^ x[31]  
x[102] = x[9] ^ x[31]  
x[103] = x[65] ^ x[31]  
x[104] = x[23] ^ x[32]  
x[105] = x[31] ^ x[32]  
x[106] = x[8] ^ x[73]  
x[107] = x[17] ^ x[76]  
x[108] = x[73] ^ x[77]    y[6]
x[109] = x[37] ^ x[79]    y[16]
x[110] = x[56] ^ x[80]    y[24]
x[111] = x[24] ^ x[81]  
x[112] = x[1] ^ x[81]  
x[113] = x[58] ^ x[82]    y[10]
x[114] = x[55] ^ x[83]    y[17]
x[115] = x[8] ^ x[85]  
x[116] = x[60] ^ x[85]    y[11]
x[117] = x[43] ^ x[86]    y[18]
x[118] = x[64] ^ x[87]    y[26]
x[119] = x[43] ^ x[88]    y[12]
x[120] = x[62] ^ x[89]    y[19]
x[121] = x[67] ^ x[90]    y[27]
x[122] = x[74] ^ x[90]    y[1]
x[123] = x[64] ^ x[91]    y[20]
x[124] = x[72] ^ x[92]    y[28]
x[125] = x[39] ^ x[92]    y[2]
x[126] = x[76] ^ x[95]    y[3]
x[127] = x[37] ^ x[96]    y[21]
x[128] = x[56] ^ x[97]    y[29]
x[129] = x[82] ^ x[98]    y[4]
x[130] = x[71] ^ x[99]    y[22]
x[131] = x[51] ^ x[100]    y[30]
x[132] = x[16] ^ x[101]  
x[133] = x[94] ^ x[101]    y[14]
x[134] = x[84] ^ x[103]    y[5]
x[135] = x[100] ^ x[104]    y[15]
x[136] = x[93] ^ x[105]    y[13]
x[137] = x[52] ^ x[105]    y[8]
x[138] = x[102] ^ x[106]    y[23]
x[139] = x[102] ^ x[107]    y[9]
x[140] = x[71] ^ x[111]    y[7]
x[141] = x[62] ^ x[112]    y[25]
x[142] = x[84] ^ x[115]    y[0]
x[143] = x[55] ^ x[132]    y[31]
