Original Matrix:
0 0 0 1 0 0 0 0 1 0 0 0 0 0 0 0 1 0 0 0 0 0 0 0 1 1 0 0 0 0 0 0 
1 0 0 1 0 0 0 0 0 1 0 0 0 0 0 0 0 1 0 0 0 0 0 0 0 0 1 0 0 0 0 0 
0 1 0 0 0 0 0 0 0 0 1 0 0 0 0 0 0 0 1 0 0 0 0 0 0 0 0 1 0 0 0 0 
0 0 1 0 0 0 0 0 0 0 0 1 0 0 0 0 0 0 0 1 0 0 0 0 1 0 0 0 0 0 0 0 
0 0 0 0 0 0 0 1 0 0 0 0 1 0 0 0 0 0 0 0 1 0 0 0 0 0 0 0 1 1 0 0 
0 0 0 0 1 0 0 1 0 0 0 0 0 1 0 0 0 0 0 0 0 1 0 0 0 0 0 0 0 0 1 0 
0 0 0 0 0 1 0 0 0 0 0 0 0 0 1 0 0 0 0 0 0 0 1 0 0 0 0 0 0 0 0 1 
0 0 0 0 0 0 1 0 0 0 0 0 0 0 0 1 0 0 0 0 0 0 0 1 0 0 0 0 1 0 0 0 
1 0 0 0 0 0 0 0 0 0 1 0 0 0 0 0 1 1 1 1 0 0 0 0 1 0 0 0 0 0 0 0 
0 1 0 0 0 0 0 0 0 0 1 1 0 0 0 0 1 0 0 0 0 0 0 0 0 1 0 0 0 0 0 0 
0 0 1 0 0 0 0 0 1 0 0 1 0 0 0 0 1 1 0 0 0 0 0 0 0 0 1 0 0 0 0 0 
0 0 0 1 0 0 0 0 0 1 0 0 0 0 0 0 1 1 1 0 0 0 0 0 0 0 0 1 0 0 0 0 
0 0 0 0 1 0 0 0 0 0 0 0 0 0 1 0 0 0 0 0 1 1 1 1 0 0 0 0 1 0 0 0 
0 0 0 0 0 1 0 0 0 0 0 0 0 0 1 1 0 0 0 0 1 0 0 0 0 0 0 0 0 1 0 0 
0 0 0 0 0 0 1 0 0 0 0 0 1 0 0 1 0 0 0 0 1 1 0 0 0 0 0 0 0 0 1 0 
0 0 0 0 0 0 0 1 0 0 0 0 0 1 0 0 0 0 0 0 1 1 1 0 0 0 0 0 0 0 0 1 
1 1 1 0 0 0 0 0 1 1 0 0 0 0 0 0 0 0 1 0 0 0 0 0 1 0 0 0 0 0 0 0 
0 0 0 1 0 0 0 0 0 0 1 0 0 0 0 0 0 0 1 1 0 0 0 0 0 1 0 0 0 0 0 0 
1 0 0 0 0 0 0 0 0 0 0 1 0 0 0 0 1 0 0 1 0 0 0 0 0 0 1 0 0 0 0 0 
1 1 0 0 0 0 0 0 1 0 0 0 0 0 0 0 0 1 0 0 0 0 0 0 0 0 0 1 0 0 0 0 
0 0 0 0 1 1 1 0 0 0 0 0 1 1 0 0 0 0 0 0 0 0 1 0 0 0 0 0 1 0 0 0 
0 0 0 0 0 0 0 1 0 0 0 0 0 0 1 0 0 0 0 0 0 0 1 1 0 0 0 0 0 1 0 0 
0 0 0 0 1 0 0 0 0 0 0 0 0 0 0 1 0 0 0 0 1 0 0 1 0 0 0 0 0 0 1 0 
0 0 0 0 1 1 0 0 0 0 0 0 1 0 0 0 0 0 0 0 0 1 0 0 0 0 0 0 0 0 0 1 
1 0 0 0 0 0 0 0 1 1 1 0 0 0 0 0 1 0 0 0 0 0 0 0 0 0 0 1 0 0 0 0 
0 1 0 0 0 0 0 0 0 0 0 1 0 0 0 0 0 1 0 0 0 0 0 0 1 0 0 1 0 0 0 0 
0 0 1 0 0 0 0 0 1 0 0 0 0 0 0 0 0 0 1 0 0 0 0 0 0 1 0 0 0 0 0 0 
0 0 0 1 0 0 0 0 1 1 0 0 0 0 0 0 0 0 0 1 0 0 0 0 0 0 1 0 0 0 0 0 
0 0 0 0 1 0 0 0 0 0 0 0 1 1 1 0 0 0 0 0 1 0 0 0 0 0 0 0 0 0 0 1 
0 0 0 0 0 1 0 0 0 0 0 0 0 0 0 1 0 0 0 0 0 1 0 0 0 0 0 0 1 0 0 1 
0 0 0 0 0 0 1 0 0 0 0 0 1 0 0 0 0 0 0 0 0 0 1 0 0 0 0 0 0 1 0 0 
0 0 0 0 0 0 0 1 0 0 0 0 1 1 0 0 0 0 0 0 0 0 0 1 0 0 0 0 0 0 1 0 
Xor Count = 97
x[32] = x[4] ^ x[5]  
x[33] = x[2] ^ x[8]  
x[34] = x[0] ^ x[8]  
x[35] = x[1] ^ x[9]  
x[36] = x[3] ^ x[9]  
x[37] = x[1] ^ x[10]  
x[38] = x[6] ^ x[12]  
x[39] = x[4] ^ x[12]  
x[40] = x[32] ^ x[13]  
x[41] = x[7] ^ x[13]  
x[42] = x[5] ^ x[14]  
x[43] = x[8] ^ x[16]  
x[44] = x[11] ^ x[16]  
x[45] = x[9] ^ x[16]  
x[46] = x[16] ^ x[17]  
x[47] = x[3] ^ x[17]  
x[48] = x[1] ^ x[17]  
x[49] = x[0] ^ x[17]  
x[50] = x[10] ^ x[18]  
x[51] = x[47] ^ x[18]  
x[52] = x[2] ^ x[19]  
x[53] = x[50] ^ x[19]  
x[54] = x[0] ^ x[19]  
x[55] = x[8] ^ x[19]  
x[56] = x[15] ^ x[20]  
x[57] = x[13] ^ x[20]  
x[58] = x[7] ^ x[21]  
x[59] = x[5] ^ x[21]  
x[60] = x[4] ^ x[21]  
x[61] = x[14] ^ x[22]  
x[62] = x[58] ^ x[22]  
x[63] = x[6] ^ x[23]  
x[64] = x[61] ^ x[23]  
x[65] = x[4] ^ x[23]  
x[66] = x[12] ^ x[23]  
x[67] = x[43] ^ x[24]  
x[68] = x[0] ^ x[24]  
x[69] = x[11] ^ x[24]  
x[70] = x[3] ^ x[25]  
x[71] = x[36] ^ x[26]  
x[72] = x[18] ^ x[27]  
x[73] = x[45] ^ x[27]  
x[74] = x[48] ^ x[27]  
x[75] = x[20] ^ x[28]  
x[76] = x[15] ^ x[28]  
x[77] = x[40] ^ x[28]  
x[78] = x[7] ^ x[29]  
x[79] = x[41] ^ x[30]  
x[80] = x[22] ^ x[31]  
x[81] = x[57] ^ x[31]  
x[82] = x[59] ^ x[31]  
x[83] = x[17] ^ x[33]  
x[84] = x[18] ^ x[33]  
x[85] = x[10] ^ x[34]  
x[86] = x[21] ^ x[38]  
x[87] = x[22] ^ x[38]  
x[88] = x[14] ^ x[39]  
x[89] = x[25] ^ x[44]  
x[90] = x[26] ^ x[44]  
x[91] = x[29] ^ x[56]  
x[92] = x[30] ^ x[56]  
x[93] = x[46] ^ x[68]  
x[94] = x[35] ^ x[68]  
x[95] = x[52] ^ x[69]    y[3]
x[96] = x[53] ^ x[70]    y[17]
x[97] = x[67] ^ x[70]    y[0]
x[98] = x[55] ^ x[71]    y[27]
x[99] = x[49] ^ x[71]    y[1]
x[100] = x[37] ^ x[72]    y[2]
x[101] = x[51] ^ x[73]    y[11]
x[102] = x[69] ^ x[74]    y[25]
x[103] = x[34] ^ x[74]    y[19]
x[104] = x[60] ^ x[75]  
x[105] = x[63] ^ x[76]    y[7]
x[106] = x[12] ^ x[78]  
x[107] = x[64] ^ x[78]    y[21]
x[108] = x[66] ^ x[79]    y[31]
x[109] = x[60] ^ x[79]    y[5]
x[110] = x[42] ^ x[80]    y[6]
x[111] = x[62] ^ x[81]    y[15]
x[112] = x[76] ^ x[82]    y[29]
x[113] = x[39] ^ x[82]    y[23]
x[114] = x[25] ^ x[84]    y[26]
x[115] = x[73] ^ x[85]    y[24]
x[116] = x[29] ^ x[87]    y[30]
x[117] = x[77] ^ x[87]    y[20]
x[118] = x[81] ^ x[88]    y[28]
x[119] = x[37] ^ x[89]    y[9]
x[120] = x[54] ^ x[90]    y[18]
x[121] = x[83] ^ x[90]    y[10]
x[122] = x[42] ^ x[91]    y[13]
x[123] = x[65] ^ x[92]    y[22]
x[124] = x[86] ^ x[92]    y[14]
x[125] = x[53] ^ x[93]    y[8]
x[126] = x[84] ^ x[94]    y[16]
x[127] = x[64] ^ x[104]    y[12]
x[128] = x[75] ^ x[106]    y[4]
