Original Matrix:
1 0 0 0 0 0 0 0 0 0 0 0 0 0 0 1 1 0 0 0 0 0 0 1 1 1 1 0 0 0 0 0 0 0 0 0 0 0 1 1 0 0 1 0 0 0 0 0 1 0 0 0 0 0 1 1 1 1 0 0 0 0 0 0 
0 1 0 0 0 0 0 0 1 0 0 0 0 0 0 1 1 1 0 0 0 0 0 1 0 0 0 1 0 0 0 0 0 0 0 0 0 0 1 0 0 0 1 1 0 0 0 0 0 1 0 0 0 0 1 0 0 0 1 0 0 0 0 0 
0 0 1 0 0 0 0 0 0 1 0 0 0 0 0 0 0 1 1 0 0 0 0 0 0 0 0 0 1 0 0 0 1 0 0 0 0 0 0 1 0 0 0 1 1 0 0 0 1 0 1 0 0 0 0 1 0 0 0 1 0 0 0 0 
0 0 0 1 0 0 0 0 0 0 1 0 0 0 0 0 0 0 1 1 0 0 0 0 0 0 0 0 0 1 0 0 0 1 0 0 0 0 0 0 0 0 0 0 1 1 0 0 0 1 0 1 0 0 0 0 0 0 0 0 1 0 0 0 
0 0 0 0 1 0 0 0 0 0 0 1 0 0 0 0 0 0 0 1 1 0 0 0 1 0 0 0 0 0 1 0 0 0 1 0 0 0 0 0 1 0 0 0 0 1 1 0 0 0 1 0 1 0 0 0 0 0 0 0 0 1 0 0 
0 0 0 0 0 1 0 0 0 0 0 0 1 0 0 0 0 0 0 0 1 1 0 0 0 1 0 0 0 0 0 1 0 0 0 1 0 0 0 0 1 1 0 0 0 0 1 1 0 0 0 1 0 1 0 0 1 0 0 0 0 0 1 0 
0 0 0 0 0 0 1 0 0 0 0 0 0 1 0 1 0 0 0 0 0 1 1 1 0 1 0 0 0 0 0 0 0 0 0 0 1 0 1 1 1 1 0 0 0 0 0 1 0 0 0 0 1 0 0 1 1 0 0 0 0 0 0 1 
0 0 0 0 0 0 0 1 0 0 0 0 0 0 1 1 0 0 0 0 0 0 1 0 1 1 0 0 0 0 0 0 0 0 0 0 0 1 1 0 0 1 0 0 0 0 0 0 0 0 0 0 0 1 1 1 1 0 0 0 0 0 0 0 
0 0 0 0 0 0 0 1 1 0 0 0 0 0 0 0 1 1 1 0 0 0 0 0 1 0 0 0 0 0 0 1 0 0 1 0 0 0 0 0 0 0 0 0 0 0 1 1 1 1 0 0 0 0 0 0 1 0 0 0 0 0 1 1 
1 0 0 0 0 0 0 1 0 1 0 0 0 0 0 0 0 0 0 1 0 0 0 0 1 1 0 0 0 0 0 1 0 0 1 1 0 0 0 0 0 0 0 0 0 0 1 0 0 0 1 0 0 0 0 0 0 1 0 0 0 0 1 0 
0 1 0 0 0 0 0 0 0 0 1 0 0 0 0 0 0 0 0 0 1 0 0 0 0 1 1 0 0 0 0 0 0 0 0 1 1 0 0 0 1 0 0 0 0 0 0 1 0 0 0 1 0 0 0 0 1 0 1 0 0 0 0 1 
0 0 1 0 0 0 0 0 0 0 0 1 0 0 0 0 0 0 0 0 0 1 0 0 0 0 1 1 0 0 0 0 0 0 0 0 1 1 0 0 0 1 0 0 0 0 0 0 0 0 0 0 1 0 0 0 0 1 0 1 0 0 0 0 
0 0 0 1 0 0 0 0 0 0 0 0 1 0 0 0 1 0 0 0 0 0 1 0 0 0 0 1 1 0 0 0 1 0 0 0 0 1 1 0 0 0 1 0 0 0 0 0 0 0 0 0 0 1 0 0 0 0 1 0 1 0 0 0 
0 0 0 0 1 0 0 0 0 0 0 0 0 1 0 0 0 1 0 0 0 0 0 1 0 0 0 0 1 1 0 0 1 1 0 0 0 0 1 1 0 0 0 1 0 0 0 0 1 0 0 0 0 0 1 0 0 0 0 1 0 1 0 0 
0 0 0 0 0 1 0 1 0 0 0 0 0 0 1 0 0 1 0 0 0 0 0 0 0 0 0 0 0 1 1 1 1 1 0 0 0 0 0 1 0 0 0 0 1 0 1 1 1 0 0 0 0 0 0 1 0 0 0 0 1 0 0 1 
0 0 0 0 0 0 1 1 0 0 0 0 0 0 0 1 1 1 0 0 0 0 0 0 0 0 0 0 0 0 1 0 0 1 0 0 0 0 0 0 0 0 0 0 0 1 1 0 1 0 0 0 0 0 0 0 0 0 0 0 0 1 1 1 
1 0 0 0 0 0 0 1 1 1 1 0 0 0 0 0 1 0 0 0 0 0 0 0 0 0 0 0 0 0 0 1 1 0 0 0 0 0 1 1 1 1 0 0 0 0 0 0 0 0 0 0 0 0 1 1 0 0 1 0 0 0 0 0 
1 1 0 0 0 0 0 1 0 0 0 1 0 0 0 0 0 1 0 0 0 0 0 0 1 0 0 0 0 0 0 1 0 1 0 0 0 0 1 0 0 0 1 0 0 0 0 0 0 0 0 0 0 0 1 0 0 0 1 1 0 0 0 0 
0 1 1 0 0 0 0 0 0 0 0 0 1 0 0 0 0 0 1 0 0 0 0 0 0 1 0 0 0 0 0 0 1 0 1 0 0 0 0 1 0 0 0 1 0 0 0 0 1 0 0 0 0 0 0 1 0 0 0 1 1 0 0 0 
0 0 1 1 0 0 0 0 0 0 0 0 0 1 0 0 0 0 0 1 0 0 0 0 0 0 1 0 0 0 0 0 0 1 0 1 0 0 0 0 0 0 0 0 1 0 0 0 0 1 0 0 0 0 0 0 0 0 0 0 1 1 0 0 
0 0 0 1 1 0 0 0 1 0 0 0 0 0 1 0 0 0 0 0 1 0 0 0 0 0 0 1 0 0 0 0 0 0 1 0 1 0 0 0 0 0 0 0 0 1 0 0 0 0 1 0 0 0 0 0 1 0 0 0 0 1 1 0 
0 0 0 0 1 1 0 0 0 1 0 0 0 0 0 1 0 0 0 0 0 1 0 0 0 0 0 0 1 0 0 0 0 0 0 1 0 1 0 0 1 0 0 0 0 0 1 0 0 0 0 1 0 0 0 0 1 1 0 0 0 0 1 1 
0 0 0 0 0 1 1 1 0 1 0 0 0 0 0 0 0 0 0 0 0 0 1 0 0 0 0 0 0 1 0 1 0 0 0 0 1 0 0 1 1 0 0 0 0 0 0 1 0 0 0 0 1 0 1 1 1 1 0 0 0 0 0 1 
0 0 0 0 0 0 1 0 1 1 0 0 0 0 0 0 0 0 0 0 0 0 0 1 0 0 0 0 0 0 1 1 0 0 0 0 0 1 1 1 1 0 0 0 0 0 0 0 0 0 0 0 0 1 1 0 0 1 0 0 0 0 0 0 
1 1 1 0 0 0 0 0 1 0 0 0 0 0 0 1 0 0 0 0 0 0 0 1 1 0 0 0 0 0 0 0 1 1 0 0 0 0 0 0 1 0 0 0 0 0 1 1 0 0 1 0 0 0 0 0 0 0 0 0 0 0 1 1 
0 0 0 1 0 0 0 0 1 1 0 0 0 0 0 1 1 0 0 0 0 0 0 1 0 1 0 0 0 0 0 0 0 0 1 0 0 0 0 0 0 1 0 0 0 0 1 0 0 0 1 1 0 0 0 0 0 0 0 0 0 0 1 0 
0 0 0 0 1 0 0 0 0 1 1 0 0 0 0 0 0 1 0 0 0 0 0 0 0 0 1 0 0 0 0 0 0 0 0 1 0 0 0 0 1 0 1 0 0 0 0 1 0 0 0 1 1 0 0 0 1 0 0 0 0 0 0 1 
0 0 0 0 0 1 0 0 0 0 1 1 0 0 0 0 0 0 1 0 0 0 0 0 0 0 0 1 0 0 0 0 0 0 0 0 1 0 0 0 0 1 0 1 0 0 0 0 0 0 0 0 1 1 0 0 0 1 0 0 0 0 0 0 
1 0 0 0 0 0 1 0 0 0 0 1 1 0 0 0 0 0 0 1 0 0 0 0 0 0 0 0 1 0 0 0 0 0 0 0 0 1 0 0 0 0 1 0 1 0 0 0 1 0 0 0 0 1 1 0 0 0 1 0 0 0 0 0 
0 1 0 0 0 0 0 1 0 0 0 0 1 1 0 0 0 0 0 0 1 0 0 0 0 0 0 0 0 1 0 0 1 0 0 0 0 0 1 0 0 0 0 1 0 1 0 0 1 1 0 0 0 0 1 1 0 0 0 1 0 0 0 0 
0 1 0 0 0 0 0 0 0 0 0 0 0 1 1 1 0 0 0 0 0 1 0 1 0 0 0 0 0 0 1 0 1 0 0 0 0 0 0 1 0 0 0 0 1 0 0 1 1 1 0 0 0 0 0 1 0 0 0 0 1 0 1 1 
1 1 0 0 0 0 0 0 0 0 0 0 0 0 1 0 0 0 0 0 0 0 1 1 0 0 0 0 0 0 0 1 1 0 0 0 0 0 0 0 0 0 0 0 0 1 1 1 0 1 0 0 0 0 0 0 0 0 0 0 0 1 1 0 
0 0 0 0 0 0 1 1 0 0 1 0 0 0 0 0 1 0 0 0 0 0 1 1 1 1 0 0 0 0 0 0 1 0 0 0 0 0 0 0 0 0 0 0 0 0 0 1 1 0 0 0 0 0 0 1 1 1 1 0 0 0 0 0 
0 0 0 0 0 0 1 0 0 0 1 1 0 0 0 0 0 1 0 0 0 0 1 0 0 0 1 0 0 0 0 0 0 1 0 0 0 0 0 0 1 0 0 0 0 0 0 1 1 1 0 0 0 0 0 1 0 0 0 1 0 0 0 0 
1 0 0 0 0 0 0 1 0 0 0 1 1 0 0 0 1 0 1 0 0 0 0 1 0 0 0 1 0 0 0 0 0 0 1 0 0 0 0 0 0 1 0 0 0 0 0 0 0 1 1 0 0 0 0 0 0 0 0 0 1 0 0 0 
0 1 0 0 0 0 0 0 0 0 0 0 1 1 0 0 0 1 0 1 0 0 0 0 0 0 0 0 1 0 0 0 0 0 0 1 0 0 0 0 0 0 1 0 0 0 0 0 0 0 1 1 0 0 0 0 0 0 0 0 0 1 0 0 
0 0 1 0 0 0 0 0 1 0 0 0 0 1 1 0 0 0 1 0 1 0 0 0 0 0 0 0 0 1 0 0 0 0 0 0 1 0 0 0 0 0 0 1 0 0 0 0 0 0 0 1 1 0 0 0 1 0 0 0 0 0 1 0 
0 0 0 1 0 0 0 0 1 1 0 0 0 0 1 1 0 0 0 1 0 1 0 0 1 0 0 0 0 0 1 0 0 0 0 0 0 1 0 0 0 0 0 0 1 0 0 0 0 0 0 0 1 1 0 0 0 1 0 0 0 0 0 1 
0 0 0 0 1 0 1 1 1 1 0 0 0 0 0 1 0 0 0 0 1 0 0 1 1 0 0 0 0 0 0 1 0 0 0 0 0 0 1 0 0 0 0 0 0 1 0 1 0 0 0 0 0 1 1 1 0 1 0 0 0 0 0 0 
0 0 0 0 0 1 1 0 0 1 0 0 0 0 0 0 0 0 0 0 0 1 1 1 1 0 0 0 0 0 0 0 0 0 0 0 0 0 0 1 0 0 0 0 0 0 1 1 0 0 0 0 0 0 1 0 1 1 0 0 0 0 0 0 
0 0 1 0 0 0 0 0 0 0 0 0 0 0 1 1 1 1 0 0 0 0 0 0 1 0 0 0 0 0 1 1 0 0 0 0 0 0 0 1 1 0 0 0 0 0 0 0 1 1 1 0 0 0 0 0 1 0 0 0 0 0 0 1 
0 0 1 1 0 0 0 0 0 0 0 0 0 0 1 0 0 0 1 0 0 0 0 0 0 1 0 0 0 0 1 0 1 0 0 0 0 0 0 1 0 1 0 0 0 0 0 0 0 0 0 1 0 0 0 0 1 1 0 0 0 0 0 1 
0 0 0 1 1 0 0 0 1 0 0 0 0 0 0 1 0 0 0 1 0 0 0 0 1 0 1 0 0 0 0 1 0 1 0 0 0 0 0 0 0 0 1 0 0 0 0 0 0 0 0 0 1 0 0 0 0 1 1 0 0 0 0 0 
0 0 0 0 1 1 0 0 0 1 0 0 0 0 0 0 0 0 0 0 1 0 0 0 0 1 0 1 0 0 0 0 0 0 1 0 0 0 0 0 0 0 0 1 0 0 0 0 0 0 0 0 0 1 0 0 0 0 1 1 0 0 0 0 
1 0 0 0 0 1 1 0 0 0 1 0 0 0 0 0 0 0 0 0 0 1 0 0 0 0 1 0 1 0 0 0 0 0 0 1 0 0 0 0 0 0 0 0 1 0 0 0 1 0 0 0 0 0 1 0 0 0 0 1 1 0 0 0 
1 1 0 0 0 0 1 1 0 0 0 1 0 0 0 0 1 0 0 0 0 0 1 0 0 0 0 1 0 1 0 0 0 0 0 0 1 0 0 0 0 0 0 0 0 1 0 0 0 1 0 0 0 0 0 1 0 0 0 0 1 1 0 0 
1 1 0 0 0 0 0 1 0 0 0 0 1 0 1 1 1 0 0 0 0 0 0 1 0 0 0 0 1 0 0 1 0 0 0 0 0 1 0 1 0 0 0 0 0 0 1 0 0 1 0 0 0 0 0 0 0 0 0 0 0 1 1 1 
0 1 0 0 0 0 0 0 0 0 0 0 0 1 1 0 1 0 0 0 0 0 0 0 0 0 0 0 0 1 1 1 0 0 0 0 0 0 1 1 0 0 0 0 0 0 0 1 1 1 0 0 0 0 0 0 0 0 0 0 0 0 1 0 
1 0 0 0 0 0 1 1 1 1 0 0 0 0 0 0 0 0 0 0 0 0 1 1 0 0 1 0 0 0 0 0 1 0 0 0 0 0 0 1 1 1 1 0 0 0 0 0 1 0 0 0 0 0 0 0 0 0 0 0 0 0 0 1 
0 1 0 0 0 0 1 0 0 0 1 0 0 0 0 0 0 0 0 0 0 0 1 0 0 0 1 1 0 0 0 0 1 1 0 0 0 0 0 1 0 0 0 1 0 0 0 0 0 1 0 0 0 0 0 0 1 0 0 0 0 0 0 1 
1 0 1 0 0 0 0 1 0 0 0 1 0 0 0 0 1 0 0 0 0 0 0 1 0 0 0 1 1 0 0 0 0 1 1 0 0 0 0 0 0 0 0 0 1 0 0 0 0 0 1 0 0 0 0 0 0 1 0 0 0 0 0 0 
0 1 0 1 0 0 0 0 0 0 0 0 1 0 0 0 0 1 0 0 0 0 0 0 0 0 0 0 1 1 0 0 0 0 1 1 0 0 0 0 0 0 0 0 0 1 0 0 0 0 0 1 0 0 0 0 0 0 1 0 0 0 0 0 
0 0 1 0 1 0 0 0 0 0 0 0 0 1 0 0 0 0 1 0 0 0 0 0 1 0 0 0 0 1 1 0 0 0 0 1 1 0 0 0 1 0 0 0 0 0 1 0 0 0 0 0 1 0 0 0 0 0 0 1 0 0 0 0 
0 0 0 1 0 1 0 0 1 0 0 0 0 0 1 0 0 0 0 1 0 0 0 0 1 1 0 0 0 0 1 1 0 0 0 0 1 1 0 0 0 1 0 0 0 0 0 1 0 0 0 0 0 1 0 0 0 0 0 0 1 0 0 0 
0 0 0 0 1 0 0 1 1 0 0 0 0 0 0 1 0 0 0 0 1 0 1 1 1 1 0 0 0 0 0 1 0 0 0 0 0 1 1 1 0 1 0 0 0 0 0 0 0 0 0 0 0 0 1 0 0 0 0 0 0 1 0 1 
0 0 0 0 0 1 1 1 1 0 0 0 0 0 0 0 0 0 0 0 0 1 1 0 0 1 0 0 0 0 0 0 0 0 0 0 0 0 1 0 1 1 0 0 0 0 0 0 0 0 0 0 0 0 0 1 0 0 0 0 0 0 1 1 
1 1 0 0 0 0 0 0 1 0 0 0 0 0 1 1 0 0 1 0 0 0 0 0 0 0 0 0 0 0 1 1 1 1 1 0 0 0 0 0 1 0 0 0 0 0 0 1 0 0 0 0 0 0 0 1 1 0 0 0 0 0 0 0 
0 0 1 0 0 0 0 0 0 1 0 0 0 0 1 0 0 0 1 1 0 0 0 0 0 0 0 0 0 0 1 0 0 0 0 1 0 0 0 0 1 1 0 0 0 0 0 1 1 0 0 0 0 0 0 1 0 1 0 0 0 0 0 0 
0 0 0 1 0 0 0 0 1 0 1 0 0 0 0 1 0 0 0 1 1 0 0 0 1 0 0 0 0 0 0 1 0 0 0 0 1 0 0 0 0 1 1 0 0 0 0 0 0 1 0 0 0 0 0 0 0 0 1 0 0 0 0 0 
0 0 0 0 1 0 0 0 0 1 0 1 0 0 0 0 0 0 0 0 1 1 0 0 0 1 0 0 0 0 0 0 0 0 0 0 0 1 0 0 0 0 1 1 0 0 0 0 0 0 1 0 0 0 0 0 0 0 0 1 0 0 0 0 
0 0 0 0 0 1 0 0 0 0 1 0 1 0 0 0 1 0 0 0 0 1 1 0 0 0 1 0 0 0 0 0 1 0 0 0 0 0 1 0 0 0 0 1 1 0 0 0 0 0 0 1 0 0 0 0 0 0 0 0 1 0 0 0 
1 0 0 0 0 0 1 0 0 0 0 1 0 1 0 0 1 1 0 0 0 0 1 1 0 0 0 1 0 0 0 0 0 1 0 0 0 0 0 1 0 0 0 0 1 1 0 0 0 0 0 0 1 0 0 0 0 0 0 0 0 1 0 0 
1 0 0 0 0 0 0 1 0 0 0 0 1 0 0 1 1 1 0 0 0 0 0 1 0 0 0 0 1 0 1 1 0 1 0 0 0 0 0 0 0 0 0 0 0 1 1 1 0 0 0 0 0 1 0 1 0 0 0 0 0 0 1 0 
1 0 0 0 0 0 0 0 0 0 0 0 0 1 1 1 0 1 0 0 0 0 0 0 0 0 0 0 0 1 1 0 1 1 0 0 0 0 0 0 0 0 0 0 0 0 1 0 0 0 0 0 0 0 1 1 0 0 0 0 0 0 0 1 
Xor Count = 432
x[64] = x[6] ^ x[7]  
x[65] = x[6] ^ x[8]  
x[66] = x[0] ^ x[16]  
x[67] = x[8] ^ x[16]  
x[68] = x[6] ^ x[16]  
x[69] = x[1] ^ x[17]  
x[70] = x[9] ^ x[17]  
x[71] = x[10] ^ x[18]  
x[72] = x[2] ^ x[18]  
x[73] = x[11] ^ x[19]  
x[74] = x[3] ^ x[19]  
x[75] = x[12] ^ x[20]  
x[76] = x[4] ^ x[20]  
x[77] = x[13] ^ x[21]  
x[78] = x[5] ^ x[21]  
x[79] = x[6] ^ x[22]  
x[80] = x[0] ^ x[22]  
x[81] = x[15] ^ x[23]  
x[82] = x[7] ^ x[23]  
x[83] = x[8] ^ x[24]  
x[84] = x[0] ^ x[24]  
x[85] = x[14] ^ x[24]  
x[86] = x[2] ^ x[24]  
x[87] = x[9] ^ x[25]  
x[88] = x[2] ^ x[26]  
x[89] = x[10] ^ x[26]  
x[90] = x[0] ^ x[26]  
x[91] = x[3] ^ x[27]  
x[92] = x[11] ^ x[27]  
x[93] = x[4] ^ x[28]  
x[94] = x[12] ^ x[28]  
x[95] = x[5] ^ x[29]  
x[96] = x[13] ^ x[29]  
x[97] = x[14] ^ x[30]  
x[98] = x[8] ^ x[30]  
x[99] = x[16] ^ x[30]  
x[100] = x[30] ^ x[31]  
x[101] = x[15] ^ x[31]  
x[102] = x[7] ^ x[31]  
x[103] = x[0] ^ x[32]  
x[104] = x[22] ^ x[32]  
x[105] = x[23] ^ x[32]  
x[106] = x[15] ^ x[33]  
x[107] = x[17] ^ x[33]  
x[108] = x[25] ^ x[34]  
x[109] = x[18] ^ x[34]  
x[110] = x[27] ^ x[34]  
x[111] = x[19] ^ x[35]  
x[112] = x[88] ^ x[35]  
x[113] = x[20] ^ x[36]  
x[114] = x[21] ^ x[37]  
x[115] = x[22] ^ x[38]  
x[116] = x[16] ^ x[38]  
x[117] = x[31] ^ x[38]  
x[118] = x[9] ^ x[39]  
x[119] = x[23] ^ x[39]  
x[120] = x[32] ^ x[39]  
x[121] = x[15] ^ x[39]  
x[122] = x[37] ^ x[39]  
x[123] = x[99] ^ x[39]  
x[124] = x[8] ^ x[40]  
x[125] = x[24] ^ x[40]  
x[126] = x[7] ^ x[41]  
x[127] = x[18] ^ x[41]  
x[128] = x[25] ^ x[41]  
x[129] = x[19] ^ x[42]  
x[130] = x[27] ^ x[43]  
x[131] = x[18] ^ x[43]  
x[132] = x[28] ^ x[44]  
x[133] = x[29] ^ x[45]  
x[134] = x[30] ^ x[46]  
x[135] = x[105] ^ x[46]  
x[136] = x[31] ^ x[47]  
x[137] = x[1] ^ x[47]  
x[138] = x[40] ^ x[47]  
x[139] = x[46] ^ x[47]  
x[140] = x[45] ^ x[47]  
x[141] = x[16] ^ x[48]  
x[142] = x[0] ^ x[48]  
x[143] = x[38] ^ x[48]  
x[144] = x[42] ^ x[48]  
x[145] = x[10] ^ x[49]  
x[146] = x[1] ^ x[49]  
x[147] = x[33] ^ x[49]  
x[148] = x[31] ^ x[49]  
x[149] = x[42] ^ x[50]  
x[150] = x[34] ^ x[50]  
x[151] = x[40] ^ x[50]  
x[152] = x[3] ^ x[51]  
x[153] = x[43] ^ x[51]  
x[154] = x[35] ^ x[51]  
x[155] = x[4] ^ x[52]  
x[156] = x[44] ^ x[52]  
x[157] = x[36] ^ x[52]  
x[158] = x[5] ^ x[53]  
x[159] = x[37] ^ x[53]  
x[160] = x[140] ^ x[53]  
x[161] = x[16] ^ x[54]  
x[162] = x[6] ^ x[54]  
x[163] = x[32] ^ x[54]  
x[164] = x[38] ^ x[54]  
x[165] = x[15] ^ x[54]  
x[166] = x[161] ^ x[55]  
x[167] = x[7] ^ x[55]  
x[168] = x[39] ^ x[55]  
x[169] = x[25] ^ x[55]  
x[170] = x[48] ^ x[55]  
x[171] = x[14] ^ x[55]  
x[172] = x[160] ^ x[55]  
x[173] = x[100] ^ x[56]  
x[174] = x[24] ^ x[56]  
x[175] = x[14] ^ x[56]  
x[176] = x[46] ^ x[56]  
x[177] = x[165] ^ x[56]  
x[178] = x[9] ^ x[57]  
x[179] = x[41] ^ x[57]  
x[180] = x[33] ^ x[57]  
x[181] = x[23] ^ x[57]  
x[182] = x[10] ^ x[58]  
x[183] = x[1] ^ x[58]  
x[184] = x[3] ^ x[58]  
x[185] = x[42] ^ x[58]  
x[186] = x[110] ^ x[58]  
x[187] = x[11] ^ x[59]  
x[188] = x[35] ^ x[59]  
x[189] = x[43] ^ x[59]  
x[190] = x[2] ^ x[59]  
x[191] = x[36] ^ x[60]  
x[192] = x[44] ^ x[60]  
x[193] = x[12] ^ x[60]  
x[194] = x[45] ^ x[61]  
x[195] = x[13] ^ x[61]  
x[196] = x[122] ^ x[61]  
x[197] = x[46] ^ x[62]  
x[198] = x[14] ^ x[62]  
x[199] = x[8] ^ x[62]  
x[200] = x[40] ^ x[62]  
x[201] = x[47] ^ x[63]  
x[202] = x[15] ^ x[63]  
x[203] = x[17] ^ x[63]  
x[204] = x[56] ^ x[63]  
x[205] = x[23] ^ x[63]  
x[206] = x[196] ^ x[63]  
x[207] = x[65] ^ x[63]  
x[208] = x[51] ^ x[71]  
x[209] = x[43] ^ x[71]  
x[210] = x[44] ^ x[73]  
x[211] = x[52] ^ x[73]  
x[212] = x[45] ^ x[75]  
x[213] = x[53] ^ x[75]  
x[214] = x[26] ^ x[79]  
x[215] = x[77] ^ x[81]  
x[216] = x[67] ^ x[81]  
x[217] = x[66] ^ x[82]  
x[218] = x[36] ^ x[91]  
x[219] = x[60] ^ x[91]  
x[220] = x[68] ^ x[92]  
x[221] = x[61] ^ x[93]  
x[222] = x[37] ^ x[93]  
x[223] = x[69] ^ x[94]  
x[224] = x[72] ^ x[96]  
x[225] = x[2] ^ x[97]  
x[226] = x[74] ^ x[98]  
x[227] = x[83] ^ x[101]  
x[228] = x[95] ^ x[102]  
x[229] = x[84] ^ x[102]  
x[230] = x[54] ^ x[103]  
x[231] = x[30] ^ x[107]  
x[232] = x[46] ^ x[107]  
x[233] = x[1] ^ x[108]  
x[234] = x[9] ^ x[108]  
x[235] = x[7] ^ x[109]  
x[236] = x[57] ^ x[111]  
x[237] = x[9] ^ x[111]  
x[238] = x[11] ^ x[114]  
x[239] = x[26] ^ x[114]  
x[240] = x[104] ^ x[116]  
x[241] = x[107] ^ x[119]  
x[242] = x[30] ^ x[124]  
x[243] = x[103] ^ x[124]  
x[244] = x[118] ^ x[126]  
x[245] = x[49] ^ x[127]  
x[246] = x[57] ^ x[127]  
x[247] = x[22] ^ x[128]  
x[248] = x[38] ^ x[128]  
x[249] = x[49] ^ x[130]  
x[250] = x[1] ^ x[130]  
x[251] = x[50] ^ x[132]  
x[252] = x[2] ^ x[132]  
x[253] = x[125] ^ x[134]  
x[254] = x[128] ^ x[136]  
x[255] = x[106] ^ x[137]  
x[256] = x[62] ^ x[141]  
x[257] = x[96] ^ x[143]  
x[258] = x[41] ^ x[145]  
x[259] = x[33] ^ x[145]  
x[260] = x[14] ^ x[146]  
x[261] = x[62] ^ x[146]  
x[262] = x[19] ^ x[149]  
x[263] = x[92] ^ x[150]  
x[264] = x[41] ^ x[152]  
x[265] = x[25] ^ x[152]  
x[266] = x[20] ^ x[153]  
x[267] = x[12] ^ x[153]  
x[268] = x[89] ^ x[154]  
x[269] = x[42] ^ x[155]  
x[270] = x[26] ^ x[155]  
x[271] = x[13] ^ x[156]  
x[272] = x[21] ^ x[156]  
x[273] = x[85] ^ x[159]  
x[274] = x[118] ^ x[162]  
x[275] = x[142] ^ x[162]  
x[276] = x[82] ^ x[164]  
x[277] = x[42] ^ x[164]  
x[278] = x[115] ^ x[167]  
x[279] = x[146] ^ x[167]  
x[280] = x[79] ^ x[168]  
x[281] = x[120] ^ x[170]  
x[282] = x[138] ^ x[170]  
x[283] = x[109] ^ x[173]  
x[284] = x[22] ^ x[174]  
x[285] = x[141] ^ x[174]  
x[286] = x[154] ^ x[176]  
x[287] = x[6] ^ x[178]  
x[288] = x[54] ^ x[178]  
x[289] = x[92] ^ x[179]  
x[290] = x[169] ^ x[181]  
x[291] = x[47] ^ x[182]  
x[292] = x[166] ^ x[182]  
x[293] = x[25] ^ x[183]  
x[294] = x[17] ^ x[183]  
x[295] = x[34] ^ x[184]  
x[296] = x[129] ^ x[184]  
x[297] = x[94] ^ x[185]  
x[298] = x[158] ^ x[186]  
x[299] = x[33] ^ x[187]  
x[300] = x[17] ^ x[187]  
x[301] = x[28] ^ x[188]  
x[302] = x[4] ^ x[188]  
x[303] = x[87] ^ x[189]  
x[304] = x[163] ^ x[189]  
x[305] = x[131] ^ x[190]  
x[306] = x[29] ^ x[191]  
x[307] = x[5] ^ x[191]  
x[308] = x[147] ^ x[192]  
x[309] = x[89] ^ x[192]  
x[310] = x[150] ^ x[194]  
x[311] = x[80] ^ x[194]  
x[312] = x[112] ^ x[195]  
x[313] = x[101] ^ x[197]  
x[314] = x[50] ^ x[197]  
x[315] = x[137] ^ x[198]  
x[316] = x[175] ^ x[199]  
x[317] = x[78] ^ x[200]  
x[318] = x[97] ^ x[201]  
x[319] = x[107] ^ x[202]  
x[320] = x[178] ^ x[202]  
x[321] = x[148] ^ x[203]  
x[322] = x[138] ^ x[204]  
x[323] = x[120] ^ x[204]  
x[324] = x[133] ^ x[208]  
x[325] = x[158] ^ x[209]  
x[326] = x[144] ^ x[214]  
x[327] = x[154] ^ x[223]  
x[328] = x[157] ^ x[224]  
x[329] = x[151] ^ x[225]  
x[330] = x[96] ^ x[230]  
x[331] = x[172] ^ x[231]  
x[332] = x[228] ^ x[232]  
x[333] = x[193] ^ x[233]  
x[334] = x[199] ^ x[235]  
x[335] = x[229] ^ x[236]  
x[336] = x[149] ^ x[238]  
x[337] = x[190] ^ x[239]  
x[338] = x[219] ^ x[240]  
x[339] = x[221] ^ x[241]  
x[340] = x[159] ^ x[242]  
x[341] = x[243] ^ x[244]  
x[342] = x[193] ^ x[245]  
x[343] = x[225] ^ x[246]  
x[344] = x[206] ^ x[247]  
x[345] = x[215] ^ x[248]  
x[346] = x[216] ^ x[249]  
x[347] = x[70] ^ x[251]  
x[348] = x[180] ^ x[252]  
x[349] = x[211] ^ x[253]  
x[350] = x[213] ^ x[254]  
x[351] = x[243] ^ x[255]  
x[352] = x[194] ^ x[256]  
x[353] = x[123] ^ x[257]  
x[354] = x[113] ^ x[258]  
x[355] = x[214] ^ x[259]  
x[356] = x[206] ^ x[260]  
x[357] = x[215] ^ x[261]  
x[358] = x[195] ^ x[262]  
x[359] = x[217] ^ x[263]  
x[360] = x[216] ^ x[264]  
x[361] = x[240] ^ x[267]  
x[362] = x[70] ^ x[269]  
x[363] = x[180] ^ x[270]  
x[364] = x[241] ^ x[271]  
x[365] = x[177] ^ x[273]  
x[366] = x[226] ^ x[273]  
x[367] = x[181] ^ x[274]  
x[368] = x[210] ^ x[275]  
x[369] = x[76] ^ x[276]  
x[370] = x[90] ^ x[277]  
x[371] = x[128] ^ x[278]  
x[372] = x[212] ^ x[279]  
x[373] = x[157] ^ x[280]  
x[374] = x[237] ^ x[282]  
x[375] = x[171] ^ x[283]  
x[376] = x[78] ^ x[284]  
x[377] = x[172] ^ x[287]  
x[378] = x[228] ^ x[288]  
x[379] = x[157] ^ x[289]  
x[380] = x[285] ^ x[290]  
x[381] = x[104] ^ x[291]  
x[382] = x[117] ^ x[292]  
x[383] = x[113] ^ x[293]  
x[384] = x[277] ^ x[294]  
x[385] = x[133] ^ x[295]  
x[386] = x[227] ^ x[296]  
x[387] = x[159] ^ x[297]  
x[388] = x[229] ^ x[299]  
x[389] = x[282] ^ x[300]  
x[390] = x[275] ^ x[301]  
x[391] = x[253] ^ x[302]  
x[392] = x[76] ^ x[303]  
x[393] = x[257] ^ x[304]  
x[394] = x[281] ^ x[305]  
x[395] = x[279] ^ x[306]  
x[396] = x[254] ^ x[307]  
x[397] = x[74] ^ x[308]  
x[398] = x[78] ^ x[309]  
x[399] = x[76] ^ x[310]  
x[400] = x[135] ^ x[311]  
x[401] = x[220] ^ x[311]  
x[402] = x[94] ^ x[313]  
x[403] = x[86] ^ x[314]  
x[404] = x[234] ^ x[314]  
x[405] = x[148] ^ x[315]  
x[406] = x[218] ^ x[316]  
x[407] = x[266] ^ x[316]  
x[408] = x[207] ^ x[317]  
x[409] = x[286] ^ x[317]  
x[410] = x[192] ^ x[318]  
x[411] = x[134] ^ x[319]  
x[412] = x[222] ^ x[320]  
x[413] = x[272] ^ x[320]  
x[414] = x[285] ^ x[321]  
x[415] = x[268] ^ x[322]  
x[416] = x[250] ^ x[323]  
x[417] = x[265] ^ x[323]  
x[418] = x[205] ^ x[326]  
x[419] = x[121] ^ x[329]  
x[420] = x[171] ^ x[330]  
x[421] = x[139] ^ x[334]  
x[422] = x[117] ^ x[340]  
x[423] = x[64] ^ x[352]  
x[424] = x[327] ^ x[358]    y[35]
x[425] = x[348] ^ x[359]    y[50]
x[426] = x[342] ^ x[359]    y[34]
x[427] = x[227] ^ x[369]  
x[428] = x[121] ^ x[370]  
x[429] = x[365] ^ x[371]    y[7]
x[430] = x[322] ^ x[373]  
x[431] = x[343] ^ x[374]    y[57]
x[432] = x[351] ^ x[375]    y[56]
x[433] = x[139] ^ x[376]  
x[434] = x[325] ^ x[379]    y[27]
x[435] = x[337] ^ x[379]    y[11]
x[436] = x[64] ^ x[381]  
x[437] = x[341] ^ x[382]    y[16]
x[438] = x[346] ^ x[384]    y[1]
x[439] = x[327] ^ x[385]    y[51]
x[440] = x[354] ^ x[386]    y[58]
x[441] = x[363] ^ x[386]    y[42]
x[442] = x[368] ^ x[387]    y[28]
x[443] = x[338] ^ x[387]    y[12]
x[444] = x[384] ^ x[388]    y[17]
x[445] = x[355] ^ x[389]    y[33]
x[446] = x[328] ^ x[391]    y[52]
x[447] = x[336] ^ x[392]    y[59]
x[448] = x[298] ^ x[392]    y[43]
x[449] = x[372] ^ x[393]    y[29]
x[450] = x[339] ^ x[393]    y[13]
x[451] = x[333] ^ x[394]    y[18]
x[452] = x[347] ^ x[394]    y[2]
x[453] = x[366] ^ x[396]    y[53]
x[454] = x[312] ^ x[397]    y[19]
x[455] = x[324] ^ x[397]    y[3]
x[456] = x[361] ^ x[398]    y[60]
x[457] = x[390] ^ x[398]    y[44]
x[458] = x[349] ^ x[399]    y[4]
x[459] = x[364] ^ x[401]    y[61]
x[460] = x[395] ^ x[401]    y[45]
x[461] = x[217] ^ x[402]  
x[462] = x[205] ^ x[403]  
x[463] = x[360] ^ x[404]    y[25]
x[464] = x[335] ^ x[404]    y[9]
x[465] = x[353] ^ x[405]    y[47]
x[466] = x[400] ^ x[405]    y[31]
x[467] = x[399] ^ x[406]    y[20]
x[468] = x[328] ^ x[407]    y[36]
x[469] = x[371] ^ x[408]    y[55]
x[470] = x[350] ^ x[409]    y[5]
x[471] = x[281] ^ x[410]  
x[472] = x[409] ^ x[412]    y[21]
x[473] = x[366] ^ x[413]    y[37]
x[474] = x[362] ^ x[415]    y[26]
x[475] = x[383] ^ x[415]    y[10]
x[476] = x[355] ^ x[416]    y[49]
x[477] = x[343] ^ x[417]    y[41]
x[478] = x[341] ^ x[418]    y[48]
x[479] = x[414] ^ x[419]    y[40]
x[480] = x[411] ^ x[420]    y[63]
x[481] = x[414] ^ x[421]    y[8]
x[482] = x[367] ^ x[422]    y[23]
x[483] = x[411] ^ x[423]    y[15]
x[484] = x[344] ^ x[427]    y[54]
x[485] = x[377] ^ x[427]    y[38]
x[486] = x[380] ^ x[428]    y[0]
x[487] = x[378] ^ x[430]    y[22]
x[488] = x[345] ^ x[430]    y[6]
x[489] = x[367] ^ x[433]    y[39]
x[490] = x[380] ^ x[436]    y[32]
x[491] = x[331] ^ x[461]    y[62]
x[492] = x[356] ^ x[461]    y[46]
x[493] = x[351] ^ x[462]    y[24]
x[494] = x[357] ^ x[471]    y[30]
x[495] = x[332] ^ x[471]    y[14]
