Original Matrix:
0 0 0 0 0 0 0 0 0 0 0 0 0 0 0 1 0 0 0 0 1 0 0 0 0 0 0 1 0 0 0 0 
0 0 0 0 0 0 0 0 1 0 0 0 0 0 0 0 0 0 0 0 0 1 0 0 0 0 0 0 1 0 0 0 
0 0 0 0 0 0 0 0 0 1 0 0 0 0 0 0 0 0 0 0 0 0 1 0 0 0 0 0 0 1 0 0 
0 0 0 0 0 0 0 0 0 0 1 0 0 0 0 0 0 0 0 0 0 0 0 1 0 0 0 0 0 0 1 0 
0 0 0 0 0 0 0 0 0 0 0 1 0 0 0 0 1 0 0 0 0 0 0 0 0 0 0 0 0 0 0 1 
0 0 0 0 0 0 0 0 0 0 0 0 1 0 0 0 0 1 0 0 0 0 0 0 1 0 0 0 0 0 0 0 
0 0 0 0 0 0 0 0 0 0 0 0 0 1 0 0 0 0 1 0 0 0 0 0 0 1 0 0 0 0 0 0 
0 0 0 0 0 0 0 0 0 0 0 0 0 0 1 0 0 0 0 1 0 0 0 0 0 0 1 0 0 0 0 0 
0 0 0 1 0 0 0 0 0 0 0 0 0 0 0 0 0 0 0 0 0 0 0 1 0 0 0 0 1 0 0 0 
0 0 0 0 1 0 0 0 0 0 0 0 0 0 0 0 1 0 0 0 0 0 0 0 0 0 0 0 0 1 0 0 
0 0 0 0 0 1 0 0 0 0 0 0 0 0 0 0 0 1 0 0 0 0 0 0 0 0 0 0 0 0 1 0 
0 0 0 0 0 0 1 0 0 0 0 0 0 0 0 0 0 0 1 0 0 0 0 0 0 0 0 0 0 0 0 1 
0 0 0 0 0 0 0 1 0 0 0 0 0 0 0 0 0 0 0 1 0 0 0 0 1 0 0 0 0 0 0 0 
1 0 0 0 0 0 0 0 0 0 0 0 0 0 0 0 0 0 0 0 1 0 0 0 0 1 0 0 0 0 0 0 
0 1 0 0 0 0 0 0 0 0 0 0 0 0 0 0 0 0 0 0 0 1 0 0 0 0 1 0 0 0 0 0 
0 0 1 0 0 0 0 0 0 0 0 0 0 0 0 0 0 0 0 0 0 0 1 0 0 0 0 1 0 0 0 0 
0 0 0 0 1 0 0 0 0 0 0 1 0 0 0 0 0 0 0 0 0 0 0 0 0 0 0 0 0 0 0 1 
0 0 0 0 0 1 0 0 0 0 0 0 1 0 0 0 0 0 0 0 0 0 0 0 1 0 0 0 0 0 0 0 
0 0 0 0 0 0 1 0 0 0 0 0 0 1 0 0 0 0 0 0 0 0 0 0 0 1 0 0 0 0 0 0 
0 0 0 0 0 0 0 1 0 0 0 0 0 0 1 0 0 0 0 0 0 0 0 0 0 0 1 0 0 0 0 0 
1 0 0 0 0 0 0 0 0 0 0 0 0 0 0 1 0 0 0 0 0 0 0 0 0 0 0 1 0 0 0 0 
0 1 0 0 0 0 0 0 1 0 0 0 0 0 0 0 0 0 0 0 0 0 0 0 0 0 0 0 1 0 0 0 
0 0 1 0 0 0 0 0 0 1 0 0 0 0 0 0 0 0 0 0 0 0 0 0 0 0 0 0 0 1 0 0 
0 0 0 1 0 0 0 0 0 0 1 0 0 0 0 0 0 0 0 0 0 0 0 0 0 0 0 0 0 0 1 0 
0 0 0 0 0 0 0 1 0 0 0 0 1 0 0 0 0 0 0 1 0 0 0 0 0 0 0 0 0 0 0 0 
1 0 0 0 0 0 0 0 0 0 0 0 0 1 0 0 0 0 0 0 1 0 0 0 0 0 0 0 0 0 0 0 
0 1 0 0 0 0 0 0 0 0 0 0 0 0 1 0 0 0 0 0 0 1 0 0 0 0 0 0 0 0 0 0 
0 0 1 0 0 0 0 0 0 0 0 0 0 0 0 1 0 0 0 0 0 0 1 0 0 0 0 0 0 0 0 0 
0 0 0 1 0 0 0 0 1 0 0 0 0 0 0 0 0 0 0 0 0 0 0 1 0 0 0 0 0 0 0 0 
0 0 0 0 1 0 0 0 0 1 0 0 0 0 0 0 1 0 0 0 0 0 0 0 0 0 0 0 0 0 0 0 
0 0 0 0 0 1 0 0 0 0 1 0 0 0 0 0 0 1 0 0 0 0 0 0 0 0 0 0 0 0 0 0 
0 0 0 0 0 0 1 0 0 0 0 1 0 0 0 0 0 0 1 0 0 0 0 0 0 0 0 0 0 0 0 0 
Xor Count = 48
x[32] = x[4] ^ x[16]  
x[33] = x[5] ^ x[17]  
x[34] = x[6] ^ x[18]  
x[35] = x[7] ^ x[19]  
x[36] = x[0] ^ x[20]  
x[37] = x[1] ^ x[21]  
x[38] = x[2] ^ x[22]  
x[39] = x[3] ^ x[23]  
x[40] = x[12] ^ x[24]  
x[41] = x[13] ^ x[25]  
x[42] = x[14] ^ x[26]  
x[43] = x[15] ^ x[27]  
x[44] = x[8] ^ x[28]  
x[45] = x[9] ^ x[29]  
x[46] = x[10] ^ x[30]  
x[47] = x[11] ^ x[31]  
x[48] = x[9] ^ x[32]    y[29]
x[49] = x[29] ^ x[32]    y[9]
x[50] = x[10] ^ x[33]    y[30]
x[51] = x[30] ^ x[33]    y[10]
x[52] = x[11] ^ x[34]    y[31]
x[53] = x[31] ^ x[34]    y[11]
x[54] = x[12] ^ x[35]    y[24]
x[55] = x[24] ^ x[35]    y[12]
x[56] = x[13] ^ x[36]    y[25]
x[57] = x[25] ^ x[36]    y[13]
x[58] = x[14] ^ x[37]    y[26]
x[59] = x[26] ^ x[37]    y[14]
x[60] = x[15] ^ x[38]    y[27]
x[61] = x[27] ^ x[38]    y[15]
x[62] = x[8] ^ x[39]    y[28]
x[63] = x[28] ^ x[39]    y[8]
x[64] = x[5] ^ x[40]    y[17]
x[65] = x[17] ^ x[40]    y[5]
x[66] = x[6] ^ x[41]    y[18]
x[67] = x[18] ^ x[41]    y[6]
x[68] = x[7] ^ x[42]    y[19]
x[69] = x[19] ^ x[42]    y[7]
x[70] = x[0] ^ x[43]    y[20]
x[71] = x[20] ^ x[43]    y[0]
x[72] = x[1] ^ x[44]    y[21]
x[73] = x[21] ^ x[44]    y[1]
x[74] = x[2] ^ x[45]    y[22]
x[75] = x[22] ^ x[45]    y[2]
x[76] = x[3] ^ x[46]    y[23]
x[77] = x[23] ^ x[46]    y[3]
x[78] = x[4] ^ x[47]    y[16]
x[79] = x[16] ^ x[47]    y[4]
