Original Matrix:
0 0 0 0 0 0 0 1 0 0 1 0 0 0 0 1 
0 0 0 0 1 0 0 0 0 0 0 1 1 0 0 0 
0 0 0 0 0 1 0 0 1 0 0 0 0 1 0 0 
0 0 0 0 0 0 1 0 0 1 0 0 0 0 1 0 
0 0 0 1 0 0 0 0 0 0 0 1 0 0 1 0 
1 0 0 0 0 0 0 0 1 0 0 0 0 0 0 1 
0 1 0 0 0 0 0 0 0 1 0 0 1 0 0 0 
0 0 1 0 0 0 0 0 0 0 1 0 0 1 0 0 
0 0 1 0 0 0 0 1 0 0 0 0 0 0 0 1 
0 0 0 1 1 0 0 0 0 0 0 0 1 0 0 0 
1 0 0 0 0 1 0 0 0 0 0 0 0 1 0 0 
0 1 0 0 0 0 1 0 0 0 0 0 0 0 1 0 
0 0 0 1 0 0 1 0 0 0 0 1 0 0 0 0 
1 0 0 0 0 0 0 1 1 0 0 0 0 0 0 0 
0 1 0 0 1 0 0 0 0 1 0 0 0 0 0 0 
0 0 1 0 0 1 0 0 0 0 1 0 0 0 0 0 
Xor Count = 24
x[16] = x[0] ^ x[8]  
x[17] = x[1] ^ x[9]  
x[18] = x[2] ^ x[10]  
x[19] = x[3] ^ x[11]  
x[20] = x[4] ^ x[12]  
x[21] = x[5] ^ x[13]  
x[22] = x[6] ^ x[14]  
x[23] = x[7] ^ x[15]  
x[24] = x[7] ^ x[16]    y[13]
x[25] = x[15] ^ x[16]    y[5]
x[26] = x[4] ^ x[17]    y[14]
x[27] = x[12] ^ x[17]    y[6]
x[28] = x[5] ^ x[18]    y[15]
x[29] = x[13] ^ x[18]    y[7]
x[30] = x[6] ^ x[19]    y[12]
x[31] = x[14] ^ x[19]    y[4]
x[32] = x[3] ^ x[20]    y[9]
x[33] = x[11] ^ x[20]    y[1]
x[34] = x[0] ^ x[21]    y[10]
x[35] = x[8] ^ x[21]    y[2]
x[36] = x[1] ^ x[22]    y[11]
x[37] = x[9] ^ x[22]    y[3]
x[38] = x[2] ^ x[23]    y[8]
x[39] = x[10] ^ x[23]    y[0]
